     0/299      3.2G      0.07   0.01131   0.02605    0.1073         5       640 6.095e-05  0.002137 3.328e-06 6.874e-07     0.137  0.008211    0.0337
     1/299     3.16G   0.05589  0.004037   0.01957    0.0795         3       640    0.3344  0.002137 5.318e-05 3.896e-05    0.1423  0.006166    0.0323
     2/299     3.16G   0.04776  0.002626   0.01644   0.06682         7       640         0         0         0         0    0.1475  0.004711   0.03401
     3/299     3.16G    0.0481  0.002211   0.01655   0.06686         2       640         0         0         0         0    0.1507  0.004788   0.04091
     4/299     3.16G   0.04093  0.002131   0.01397   0.05703         4       640   0.06667  0.002331 0.0007995 0.0001599    0.1427  0.005347   0.04486
     5/299     3.16G   0.04534  0.002195   0.01572   0.06326         3       640         0         0         0         0    0.1452  0.006107    0.8085
     6/299     3.16G    0.0486  0.002263   0.01653    0.0674         6       640         0         0         0         0    0.1446   0.01644     3.427
     7/299     3.16G   0.04429  0.002402    0.0164    0.0631         8       640         0         0         0         0    0.1444  0.005669    0.1146
     8/299     3.16G   0.04226  0.002318   0.01512    0.0597         3       640         0         0         0         0    0.1399  0.006265   0.08131
     9/299     3.16G   0.04279  0.002746    0.0161   0.06163         1       640         0         0         0         0    0.1384   0.00775   0.09109
    10/299     3.16G   0.03924  0.002836    0.0145   0.05658         4       640         0         0         0         0    0.1409  0.007504   0.09913
    11/299     3.16G   0.03884  0.002858   0.01531     0.057         2       640         0         0         0         0    0.1381  0.007297   0.05851
    12/299     3.16G    0.0369  0.002711   0.01464   0.05424         1       640         0         0         0         0    0.1349  0.007622   0.07053
    13/299     3.16G   0.03837  0.002842    0.0148   0.05601         4       640   0.02083  0.002331  0.000979 0.0002937    0.1342  0.007941   0.05706
    14/299     3.16G   0.04171  0.003149   0.01775   0.06261         1       640         0         0         0         0    0.1342  0.007868   0.08537
    15/299     3.16G    0.0415  0.003016   0.01614   0.06066         4       640  0.006957   0.00913 0.0001607 3.383e-05    0.1386  0.007118    0.1768
    16/299     3.16G   0.03932  0.002831   0.01467   0.05682         1       640    0.0762   0.02214  0.005278  0.002114    0.1348  0.007567    0.0332
    17/299     3.16G   0.03889  0.003064   0.01464   0.05659         2       640   0.01987   0.06624  0.005616  0.001019    0.1333  0.007897   0.05662
    18/299     3.16G   0.03892    0.0032   0.01529   0.05742         2       640   0.02657   0.09207   0.02931  0.005039     0.131   0.00832   0.04172
    19/299     3.16G   0.04396  0.003291   0.01712   0.06436         8       640   0.08066     0.121   0.02389  0.004797    0.1291  0.008691   0.04057
    20/299     3.16G   0.03764  0.003443   0.01524   0.05632         4       640   0.02868    0.2315    0.0275  0.005833    0.1265  0.009063   0.06268
    21/299     3.16G   0.03925  0.003337   0.01617   0.05875         1       640    0.0194    0.5456   0.04905   0.01329     0.124  0.009111   0.04894
    22/299     3.16G   0.03698  0.003534   0.01637   0.05689         1       640    0.0546     0.135    0.0579   0.01488    0.1228   0.00916   0.02917
    23/299     3.16G   0.03964  0.003435   0.01741   0.06048         2       640   0.08354     0.156    0.0819   0.01991    0.1242   0.00878   0.02979
    24/299     3.16G    0.0365   0.00345   0.01513   0.05508         6       640    0.1602    0.1134   0.06676   0.01712    0.1222  0.009058   0.03203
    25/299     3.16G   0.03579  0.003623   0.01617   0.05558         6       640   0.09747    0.1993   0.09525   0.02477    0.1226  0.009015    0.1402
    26/299     3.16G   0.03518  0.003448   0.01444   0.05306         3       640   0.06678    0.2133    0.0569   0.01358    0.1261  0.009351    0.2419
    27/299     3.16G   0.03561  0.003435   0.01481   0.05385         6       640    0.1146    0.2358   0.09277   0.02516    0.1243  0.009796    0.2213
    28/299     3.16G   0.03686  0.003529   0.01544   0.05583         3       640    0.1036    0.1436   0.06602   0.01667    0.1223  0.009489    0.1687
    29/299     3.16G   0.03646  0.003475   0.01602   0.05595         5       640    0.1381    0.2655    0.1263   0.03277    0.1168  0.009558    0.0278
    30/299     3.16G   0.03754  0.003395   0.01555   0.05649         4       640     0.193    0.2148    0.1367   0.03956    0.1165  0.009641   0.03281
    31/299     3.16G   0.03926  0.003532   0.01646   0.05925         3       640    0.1739    0.2113    0.1519   0.04691     0.116  0.009345   0.04689
    32/299     3.16G   0.03629  0.003816   0.01608   0.05619         9       640    0.5122     0.174      0.12   0.03253    0.1152  0.009625    0.1113
    33/299     3.16G     0.035  0.003539   0.01617   0.05471         9       640    0.1298     0.211   0.09975   0.03459    0.1198   0.01105    0.3475
    34/299     3.32G   0.03624  0.003629   0.01611   0.05598         5       640     0.534    0.1667    0.1411   0.04454    0.1201   0.01405     0.851
    35/299     3.24G   0.03711  0.003869   0.01662    0.0576         3       640    0.5537    0.1616    0.1223   0.04005    0.1178   0.01177    0.6867
    36/299     3.24G   0.03317  0.003702   0.01507   0.05194         7       640    0.5517    0.1764     0.151   0.04918    0.1133  0.009332   0.05971
    37/299     3.24G   0.03496  0.003567   0.01559   0.05412         2       640    0.5762    0.1612    0.1602   0.05898    0.1143    0.0102    0.1333
    38/299     3.24G   0.03641  0.003699   0.01669   0.05679         4       640    0.1622    0.3873    0.1629   0.04738    0.1106  0.009385   0.04389
    39/299     3.24G   0.03545  0.003721   0.01644   0.05561         3       640    0.3029    0.2519    0.2051    0.0607      0.11  0.009316   0.03041
    40/299     3.24G    0.0362  0.003838   0.01613   0.05616         6       640    0.4904    0.1661    0.1842    0.0668    0.1103   0.01068    0.1783
    41/299     3.24G    0.0365  0.003725   0.01586   0.05609         8       640    0.3188    0.2263     0.215   0.06119    0.1087   0.00989    0.0686
    42/299     3.24G   0.03663  0.003592   0.01572   0.05594         3       640    0.3869    0.1783    0.1924   0.06354    0.1077  0.009924   0.04451
    43/299     3.24G   0.03673  0.003909   0.01662   0.05726         1       640    0.3785     0.181    0.1973   0.07771    0.1043   0.01011   0.04242
    44/299     3.24G   0.03502  0.003888    0.0166   0.05551         4       640    0.3422    0.2096    0.1933   0.06896    0.1045  0.009995   0.02707
    45/299     3.24G   0.03659  0.003735   0.01848    0.0588         2       640    0.3815    0.2201    0.2403    0.0904    0.1062  0.009971   0.03048
    46/299     3.24G   0.03287  0.003505   0.01493    0.0513         1       640    0.5728    0.2325    0.2157   0.07513    0.1069  0.009802   0.03081
    47/299     3.24G   0.03486  0.003682    0.0152   0.05374         4       640    0.1953      0.37    0.2219   0.07615     0.106  0.009919   0.03179
    48/299     3.24G   0.03633  0.003881   0.01673   0.05694         1       640    0.2867    0.3772    0.2596    0.0909    0.1045   0.01004   0.03332
    49/299     3.24G   0.03635   0.00408   0.01632   0.05675         4       640    0.3079     0.326      0.23   0.07683    0.1039   0.01033   0.03754
    50/299     3.24G   0.03571  0.003827   0.01565   0.05518         1       640    0.3433    0.2556     0.227   0.08647    0.1052   0.01049    0.0294
    51/299     3.24G   0.03497   0.00374   0.01527   0.05399         2       640    0.4863    0.2597    0.2579   0.08588    0.1048   0.01008   0.03101
    52/299     3.24G   0.03573  0.003884   0.01638   0.05599         2       640    0.3362    0.1997    0.1948   0.06699    0.1087  0.009777   0.04381
    53/299     3.24G   0.03576  0.003921   0.01564   0.05533         8       640    0.2094    0.4134    0.2466   0.09293    0.1038   0.01031   0.04534
    54/299     3.24G   0.03162  0.003977   0.01455   0.05015         4       640    0.4955    0.2549    0.2583   0.09072    0.1031   0.01032   0.02924
    55/299     3.24G   0.03376   0.00376   0.01603   0.05355         1       640    0.2114    0.3965    0.2417   0.08103    0.1036   0.01014   0.02557
    56/299     3.24G   0.03355  0.003826   0.01685   0.05422         1       640    0.2801    0.3625    0.2497   0.09491    0.1041  0.009984   0.03548
    57/299     3.24G   0.03599  0.003899   0.01686   0.05675         2       640    0.2607    0.3127    0.2419    0.0833    0.1037   0.01002   0.03658
    58/299     3.25G   0.03338  0.003739   0.01479   0.05191         6       640    0.3491    0.2984    0.2307   0.08068    0.1063   0.01011   0.03781
    59/299     3.25G   0.03524  0.003911     0.017   0.05614         6       640    0.2206    0.3166    0.2246   0.08226     0.109  0.009453   0.03897
    60/299     3.25G   0.03207  0.003703    0.0143   0.05007         3       640    0.3618    0.2622    0.2654   0.08897    0.1076  0.009596   0.03148
    61/299     3.25G   0.03228  0.003639   0.01435   0.05027         6       640    0.3374    0.2923    0.2509    0.1017    0.1073  0.009613   0.03138
    62/299     3.25G   0.03256  0.003677   0.01478   0.05101         3       640    0.4177    0.3125    0.2989     0.113    0.1061  0.009622   0.02843
    63/299     3.25G   0.03224  0.003644   0.01596   0.05185         5       640    0.4071    0.2403    0.2486   0.08937    0.1056  0.009719   0.02627
    64/299     3.25G   0.03323  0.003552   0.01538   0.05216         4       640    0.4132    0.3388    0.2722    0.1003    0.1081  0.009718    0.4488
    65/299     3.25G   0.03451  0.003656   0.01565   0.05382         3       640    0.3557    0.3659    0.2993    0.1185     0.105  0.009546   0.02479
    66/299     3.25G    0.0324  0.003948   0.01586    0.0522         9       640    0.2815    0.3401    0.2247   0.06785    0.1055  0.009469   0.02602
    67/299     3.25G    0.0331  0.003613   0.01606   0.05278         9       640    0.5126    0.2531    0.2325   0.08963    0.1069     0.014      2.84
    68/299     3.25G   0.03149    0.0036   0.01415   0.04924         1       640    0.2674    0.3771    0.2548   0.09546    0.1071   0.01052    0.6533
    69/299     3.25G   0.03253  0.003814    0.0164   0.05275         6       640    0.4489    0.3691    0.3188    0.1126    0.1044  0.009544   0.02524
    70/299     3.25G   0.03319  0.003728   0.01621   0.05313         4       640    0.3714    0.3221    0.2773   0.09008    0.1052  0.009292   0.02632
    71/299     3.25G   0.03359  0.004082   0.01582   0.05349         7       640    0.4075    0.2853    0.2675   0.09935    0.1059  0.009244   0.07531
    72/299     3.25G   0.03577  0.003926   0.01642   0.05611         2       640    0.3617    0.3115    0.2857    0.1084    0.1063  0.009315   0.07373
    73/299     3.25G   0.03456  0.003889   0.01473   0.05318         5       640      0.49    0.2591    0.2503   0.09505    0.1064   0.00948    0.1838
    74/299     3.25G   0.03224  0.003944    0.0149   0.05108         4       640    0.4288    0.3228    0.2675    0.1003    0.1043  0.009688    0.2328
    75/299     3.25G   0.03375  0.003737    0.0154   0.05288         4       640    0.3617    0.3582    0.2976    0.1122    0.1039  0.009628    0.1322
    76/299     3.25G   0.03366  0.003996   0.01499   0.05265         6       640    0.6089    0.2747    0.2853    0.1115    0.1045  0.009766    0.2934
    77/299     3.25G   0.03217  0.004018   0.01551    0.0517        13       640    0.5541    0.2753    0.2708   0.08103    0.1054  0.009736    0.2384
    78/299     3.25G   0.03333  0.004021   0.01615   0.05351         6       640    0.3516      0.35    0.2972    0.1072    0.1034   0.00966    0.1586
    79/299     3.25G   0.03248  0.003834   0.01474   0.05106         5       640    0.4202    0.3749    0.3464    0.1426    0.1032  0.009403   0.08024
    80/299     3.25G   0.03297  0.003845   0.01658    0.0534         4       640    0.3749     0.332    0.2837    0.1029    0.1046  0.009197   0.06836
    81/299     3.25G   0.03205  0.003799   0.01457   0.05042         6       640    0.3426    0.4409    0.3265     0.132    0.1031  0.009499   0.03385
    82/299     3.25G   0.03204  0.003943   0.01513   0.05111         7       640    0.4405    0.4237    0.3745    0.1491     0.102  0.009543   0.02999
    83/299     3.25G   0.03278  0.003966   0.01515   0.05189         6       640    0.3005    0.4734    0.3518    0.1396    0.1014  0.009507   0.03101
    84/299     3.25G   0.03173  0.003607   0.01562   0.05096         4       640    0.3781      0.39    0.3475    0.1401    0.1006  0.009669   0.03179
    85/299     3.25G   0.03126  0.003874   0.01495   0.05009         8       640    0.4294    0.3998    0.3565     0.134    0.1017   0.00962    0.0309
    86/299     3.25G    0.0311  0.003892    0.0141   0.04909         3       640    0.4891    0.4127    0.4005    0.1612    0.1016   0.00969   0.02436
    87/299     3.25G    0.0312  0.003786   0.01497   0.04996         2       640    0.4941    0.4245    0.4018    0.1521     0.101  0.009621   0.02453
    88/299     3.25G   0.03182  0.004111    0.0148   0.05073         7       640    0.4425    0.4302    0.3891    0.1441    0.1006  0.009371   0.02546
    89/299     3.25G   0.03165  0.003799   0.01524   0.05068         4       640    0.4784     0.463    0.4629    0.1628    0.1006  0.009628   0.02678
    90/299     3.25G   0.03096   0.00402   0.01507   0.05005         2       640    0.4285    0.4507    0.3966    0.1383    0.1003  0.009565   0.03038
    91/299     3.25G   0.02956  0.004003   0.01593    0.0495         1       640    0.3631    0.4613    0.3877    0.1562    0.1007   0.00955   0.02834
    92/299     3.25G   0.02957  0.003599   0.01342   0.04658         0       640    0.5149    0.3879    0.3807    0.1629    0.1009  0.009545   0.02805
    93/299     3.25G   0.03169  0.004081    0.0155   0.05126         4       640    0.5034    0.4016    0.4099    0.1571    0.0995  0.009421   0.02687
    94/299     3.25G   0.03089  0.003984   0.01603   0.05091         8       640    0.4947    0.4638    0.4274    0.1685   0.09936  0.009464   0.02408
    95/299     3.25G   0.03094  0.003795   0.01581   0.05055        10       640    0.5229    0.4058     0.382    0.1583   0.09903   0.00965   0.02408
    96/299     3.25G     0.033  0.003946   0.01719   0.05414         6       640    0.3822    0.3334    0.3044     0.126   0.09991  0.009979   0.02501
    97/299     3.25G   0.03209  0.004015   0.01607   0.05218         2       640    0.4225    0.4013    0.3344    0.1398    0.1005  0.009816   0.02578
    98/299     3.25G   0.03251  0.003664   0.01589   0.05207         5       640    0.3927    0.4458    0.3697    0.1216    0.1006  0.009813    0.0272
    99/299     3.25G   0.03031  0.003833   0.01459   0.04874         6       640    0.4237    0.3998    0.3442    0.1288    0.1019  0.009587   0.02626
   100/299     3.25G   0.03231  0.003677   0.01577   0.05176         3       640    0.4448    0.4812    0.4134    0.1721    0.1032  0.009461   0.02509
   101/299     3.25G   0.02845  0.003739   0.01542   0.04761         3       640    0.5115    0.4724    0.4332    0.1855    0.1007   0.00963   0.02457
   102/299     3.25G    0.0293  0.003898   0.01396   0.04716         5       640    0.6913     0.395    0.4808    0.1934    0.1021  0.009189   0.02435
   103/299     3.25G   0.03048  0.003836   0.01575   0.05007         2       640    0.5876      0.46     0.478    0.1919    0.1017  0.009015   0.02366
   104/299     3.25G   0.02991  0.003882   0.01516   0.04895         2       640    0.4216     0.451     0.372     0.153    0.1007  0.009387   0.02421
   105/299     3.25G   0.02974  0.003943   0.01605   0.04974         3       640    0.5551    0.5217    0.4757    0.2113   0.09977  0.009242   0.02383
   106/299     3.25G   0.03157  0.003608   0.01534   0.05052         1       640    0.4505    0.4693    0.4401    0.1797    0.1001  0.009313   0.02333
   107/299     3.25G   0.02934  0.003493   0.01473   0.04756         5       640    0.4603    0.4549    0.4281    0.1658       0.1  0.009415    0.0235
   108/299     3.25G   0.03133  0.003974    0.0159    0.0512         5       640    0.4559    0.5118    0.4213    0.1728   0.09944  0.009327   0.02416
   109/299     3.25G   0.03215   0.00374   0.01473   0.05063         5       640    0.6724     0.445    0.5093     0.201   0.09951  0.009496   0.02421
   110/299     3.25G   0.03065  0.003852   0.01558   0.05008         9       640    0.5228    0.5126     0.473    0.1915   0.09927  0.009175   0.02438
   111/299     3.25G   0.02998  0.003453   0.01515   0.04858         3       640    0.7442    0.4429    0.5313    0.2177   0.09951  0.009454   0.02476
   112/299     3.25G   0.03078  0.004083    0.0158   0.05067         6       640    0.6412    0.4632    0.5352    0.2003   0.09847  0.009213   0.02441
   113/299     3.25G   0.02978  0.003868   0.01534   0.04899         4       640    0.5857    0.5146     0.539    0.2143   0.09863  0.009176   0.02506
   114/299     3.25G   0.03061  0.003905   0.01593   0.05044         3       640    0.6548    0.4618    0.5076     0.197     0.099  0.009312   0.02443
   115/299     3.25G   0.03019  0.003811   0.01481   0.04881         0       640    0.6564    0.4633    0.5017    0.1927   0.09848  0.009182   0.02392
   116/299     3.25G   0.03012  0.003995   0.01684   0.05095         2       640    0.4864    0.5513    0.4992    0.2117   0.09792  0.009551    0.0245
   117/299     3.25G   0.02911  0.003769   0.01515   0.04803         3       640    0.6242    0.5536    0.5399    0.2023   0.09925   0.00915   0.02364
   118/299     3.25G   0.02958  0.003492   0.01476   0.04784         2       640    0.6016    0.4667    0.4928    0.1874   0.09865  0.009198   0.02391
   119/299     3.25G   0.02967  0.003797   0.01536   0.04883         3       640    0.5344    0.5384    0.4997     0.219   0.09767  0.009395   0.02362
   120/299     3.25G   0.02946  0.003613   0.01384   0.04691         5       640    0.5282    0.5239      0.51    0.2042   0.09785  0.009002   0.02417
   121/299     3.25G   0.03012  0.003911   0.01501   0.04904         4       640    0.6598    0.4218    0.4989     0.193   0.09622  0.009484   0.02445
   122/299     3.25G   0.03198  0.003883    0.0156   0.05146         2       640    0.5308    0.3711    0.3957     0.161   0.09664   0.01002   0.02578
   123/299     3.25G   0.03098   0.00376   0.01458   0.04932         8       640    0.5691    0.4273    0.4439    0.1801   0.09483  0.009646    0.0248
   124/299     3.25G   0.03223   0.00383   0.01734   0.05339         5       640    0.5308    0.4615    0.4481    0.2086   0.09357  0.009787   0.02513
   125/299     3.25G   0.02928  0.003821   0.01604   0.04915         6       640    0.7134    0.4421    0.5033    0.2109   0.09306  0.009416   0.02462
   126/299     3.25G   0.03053  0.003737   0.01496   0.04922        12       640    0.6256    0.5445    0.5466    0.2204   0.09265  0.009535   0.02397
   127/299     3.25G   0.02844  0.003757   0.01588   0.04808         7       640    0.7231    0.4963    0.5435    0.2186   0.09309  0.009563   0.02314
   128/299     3.25G      0.03  0.003797   0.01511   0.04891         2       640    0.6314    0.4618    0.5329    0.2164    0.0937  0.009719   0.02307
   129/299     3.25G   0.03017  0.003859   0.01573   0.04976         7       640    0.7173    0.4431    0.5364    0.2133   0.09299  0.009728   0.02248
   130/299     3.25G   0.03039  0.003854   0.01541   0.04966         5       640     0.664    0.5057    0.5073     0.211   0.09288  0.009617   0.02226
   131/299     3.25G   0.02881  0.003894   0.01607   0.04878         7       640     0.556    0.4575    0.4789    0.2188   0.09268  0.009949   0.02301
   132/299     3.25G   0.02923  0.003884   0.01499    0.0481         1       640    0.5695      0.53    0.5089    0.2005   0.09396  0.009621   0.02365
   133/299     3.25G   0.03111  0.003981   0.01592   0.05101         5       640     0.618     0.582    0.5555    0.2213    0.0934  0.009713   0.02324
   134/299     3.25G   0.02796  0.003719   0.01459   0.04627         7       640    0.6709    0.5218    0.5525     0.221   0.09353   0.00955   0.02346
   135/299     3.25G    0.0297  0.003734   0.01633   0.04976         3       640    0.5615    0.6529    0.5773    0.2457   0.09342  0.009587   0.02444
   136/299     3.25G    0.0302  0.003958   0.01593   0.05008         3       640    0.7037    0.4813    0.5519    0.2408   0.09189  0.009659   0.02438
   137/299     3.25G    0.0286  0.003992   0.01567   0.04827         5       640    0.5425     0.574    0.5689    0.2338    0.0908   0.00988   0.02343
   138/299     3.25G   0.02781  0.003914   0.01524   0.04696         0       640    0.6833    0.4883    0.5252    0.2155   0.09229  0.009714   0.02365
   139/299     3.25G   0.02962  0.003906   0.01552   0.04904         4       640    0.5793    0.5186    0.5551    0.2564   0.09145  0.009804   0.02428
   140/299     3.25G   0.02982  0.003673   0.01578   0.04927         3       640    0.5613    0.5361    0.5258    0.2391   0.09159  0.009688   0.02449
   141/299     3.25G   0.02918  0.003647    0.0146   0.04743         3       640    0.5862    0.5341    0.5148    0.2413   0.09158  0.009357   0.02439
   142/299     3.25G   0.03014  0.003557   0.01506   0.04876         6       640    0.6226     0.549    0.5639    0.2542   0.09141  0.009705   0.02456
   143/299     3.25G   0.02824  0.003756   0.01533   0.04732         4       640    0.6295    0.5642    0.5809    0.2321   0.09005  0.009551   0.02463
   144/299     3.25G   0.02974  0.003638   0.01599   0.04936         5       640     0.613    0.5552    0.5631    0.2538    0.0895  0.009535    0.0243
   145/299     3.25G   0.02912  0.003623   0.01418   0.04693         3       640    0.6682    0.5542    0.5744    0.2545   0.08961  0.009482   0.02424
   146/299     3.25G   0.02743  0.003652   0.01457   0.04566         6       640    0.6231    0.5627    0.5605    0.2464   0.08963  0.009754   0.02416
   147/299     3.25G   0.02785  0.003873   0.01522   0.04694         3       640    0.6562    0.5888    0.5955    0.2673   0.08917  0.009325   0.02344
   148/299     3.25G   0.02894  0.003969    0.0161   0.04901         2       640      0.72     0.538    0.5973    0.2755   0.08874  0.009348   0.02374
   149/299     3.25G   0.02973  0.003794   0.01477   0.04829         3       640    0.5892     0.636    0.6053    0.2742   0.08914  0.009245   0.02379
   150/299     3.25G   0.02956  0.003845   0.01574   0.04915         4       640     0.649     0.589    0.6216    0.2725    0.0896   0.00923   0.02381
   151/299     3.25G   0.03007  0.003904   0.01629   0.05026        10       640     0.604    0.6157    0.6163     0.283   0.08956  0.009075   0.02406
   152/299     3.25G   0.02846  0.003804   0.01545   0.04772         5       640    0.6053    0.5857    0.5721    0.2483   0.08921  0.009294   0.02398
